[ThridPlat]
KValue = 0.000000
BValue = 0.000000
Z1Pos = -10500    
Z2Pos = -7200    
Z3Pos = -3800    
Z4Pos = -500    
X1Pos = 1150    
X2Pos = 4050    
X3Pos = 7050    
X4Pos = 9950    
SelectPol = 2    
MinSpeed = 1    
MaxSpeed = 0    
ComboPol = "1"